111, 11, 11, 11,11, 11, 11, 11, 1111-11-11
2, 2, 2, 2,2, 22, 22, 2, 1111-11-11
1, 1, 1, 1,11, 1, 1, 11, 11/11/1111
111.111.111-11, 1, 1, 1,(11)11111-1111, 1, 1, 1, 11/11/1111
222.222.222-22, 2, 2, 2,(22)22222-2222, 2, 2, 2, 22/22/2222
111.111.111-11, 111, 11, 11,(11)11111-1111, 11, 11, 11, 11/11/1111
222.222.222-22, 22, 22, 222,(22)22222-2222, 22, 22, 22, 22/22/2222
111.111.111-11, 11111, 11111, 111,(11)11111-1111, 1, 1, 1, 11/11/1111
111.111.111-11, 1, 1, 1,(11)11111-1111, 1, 1, 1, 11/11/1111
222.222.222-22, 22, 22, 2,(22)22222-2222, 2, 2, 2, 22/22/2222
333.333.333-33, 3, 3, 3,(33)33333-3333, 3, 3, 3, 33/33/3333
444.444.444-44, 4, 4, 4,(44)44444-4444, 4, 4, 4, 44/44/4444
666.666.666-66, 6, 6, 6,(66)66666-6666, 6, 66, 6, 66/66/6666
